{
  "accessors": [
    {
      "bufferView": 2,
      "componentType": 5126,
      "count": 19664,
      "max": [
        17.030517578125,
        12.516687393188477,
        1.2332844734191895
      ],
      "min": [
        -17.138214111328125,
        3.9828033447265625,
        -0.81568050384521484
      ],
      "type": "VEC3"
    },
    {
      "bufferView": 2,
      "byteOffset": 235968,
      "componentType": 5126,
      "count": 19664,
      "max": [
        0.99998378753662109,
        0.99993741512298584,
        0.9999995231628418
      ],
      "min": [
        -0.99976515769958496,
        -0.99209249019622803,
        -0.82851243019104004
      ],
      "type": "VEC3"
    },
    {
      "bufferView": 3,
      "componentType": 5126,
      "count": 19664,
      "max": [
        0.99996858835220337,
        0.99999153614044189,
        0.99595308303833008,
        1
      ],
      "min": [
        -0.99787056446075439,
        -0.99998956918716431,
        -0.98784255981445312,
        -1
      ],
      "type": "VEC4"
    },
    {
      "bufferView": 1,
      "componentType": 5126,
      "count": 19664,
      "max": [
        0.99853515625,
        0.99851888418197632
      ],
      "min": [
        0.00146484375,
        0.0014811158180236816
      ],
      "type": "VEC2"
    },
    {
      "bufferView": 0,
      "componentType": 5125,
      "count": 90003,
      "max": [
        19663
      ],
      "min": [
        0
      ],
      "type": "SCALAR"
    }
  ],
  "asset": {
    "extras": {
      "author": "OlegYurkov (https://sketchfab.com/OlegYurkov)",
      "license": "CC-BY-4.0 (http://creativecommons.org/licenses/by/4.0/)",
      "source": "https://sketchfab.com/models/287bcd8818ce463c8fed976e10a1aa7c",
      "title": "Brick"
    },
    "generator": "Sketchfab-3.19.6",
    "version": "2.0"
  },
  "bufferViews": [
    {
      "buffer": 0,
      "byteLength": 360012,
      "byteOffset": 0,
      "name": "floatBufferViews",
      "target": 34963
    },
    {
      "buffer": 0,
      "byteLength": 157312,
      "byteOffset": 360012,
      "byteStride": 8,
      "name": "floatBufferViews",
      "target": 34962
    },
    {
      "buffer": 0,
      "byteLength": 471936,
      "byteOffset": 517324,
      "byteStride": 12,
      "name": "floatBufferViews",
      "target": 34962
    },
    {
      "buffer": 0,
      "byteLength": 314624,
      "byteOffset": 989260,
      "byteStride": 16,
      "name": "floatBufferViews",
      "target": 34962
    }
  ],
  "buffers": [
    {
      "byteLength": 1303884,
      "uri": "scene.bin"
    }
  ],
  "extensionsUsed": [
    "KHR_materials_unlit"
  ],
  "images": [
    {
      "uri": "textures/Material_0_baseColor.jpeg"
    }
  ],
  "materials": [
    {
      "doubleSided": true,
      "emissiveFactor": [
        0,
        0,
        0
      ],
      "extensions": {
        "KHR_materials_unlit": {}
      },
      "name": "Material_0",
      "pbrMetallicRoughness": {
        "baseColorFactor": [
          1,
          1,
          1,
          1
        ],
        "baseColorTexture": {
          "index": 0,
          "texCoord": 0
        },
        "metallicFactor": 0,
        "roughnessFactor": 1
      }
    }
  ],
  "meshes": [
    {
      "name": "mainMeshNode_Material_0_0",
      "primitives": [
        {
          "attributes": {
            "NORMAL": 1,
            "POSITION": 0,
            "TANGENT": 2,
            "TEXCOORD_0": 3
          },
          "indices": 4,
          "material": 0,
          "mode": 4
        }
      ]
    }
  ],
  "nodes": [
    {
      "children": [
        1
      ],
      "name": "RootNode (gltf orientation matrix)",
      "rotation": [
        -0.70710678118654746,
        -0,
        -0,
        0.70710678118654757
      ]
    },
    {
      "children": [
        2
      ],
      "name": "RootNode (model correction matrix)"
    },
    {
      "children": [
        3
      ],
      "matrix": [
        1,
        0,
        0,
        0,
        0,
        0,
        1,
        0,
        0,
        -1,
        0,
        0,
        0,
        0,
        0,
        1
      ],
      "name": "b45ee93cb6e84813bb1ee9a9a5964f65.fbx"
    },
    {
      "children": [
        4,
        6,
        8,
        10,
        12,
        14,
        16,
        18,
        20,
        22,
        24,
        26,
        28,
        30,
        32,
        34,
        36,
        38,
        40,
        42,
        44,
        46,
        48,
        50,
        52,
        54,
        56,
        58,
        60,
        62,
        64,
        66,
        68,
        70,
        72,
        74,
        76,
        78,
        80,
        82,
        84,
        86,
        88
      ],
      "name": "RootNode"
    },
    {
      "children": [
        5
      ],
      "matrix": [
        0.064057400279153631,
        -0.14572606588819786,
        -0.98724898743438838,
        0,
        0.9976764638013067,
        -0.013648806136099978,
        0.066748660420859529,
        0,
        -0.023201789723992061,
        -0.9892308243336374,
        0.14451315906102069,
        0,
        -15.247979164123535,
        8.7794094085693359,
        9.6777267456054688,
        1
      ],
      "name": "IMG_3257_jpg"
    },
    {
      "name": ""
    },
    {
      "children": [
        7
      ],
      "matrix": [
        0.0077590662059021653,
        -0.13050668490061762,
        -0.99141706768032989,
        0,
        0.9999459875825325,
        0.0078687916281301451,
        0.0067899952803603392,
        0,
        0.0069151145476178399,
        -0.99141620287070364,
        0.13056069039427332,
        0,
        -12.805537223815918,
        8.8691062927246094,
        9.5046911239624023,
        1
      ],
      "name": "IMG_3258_jpg"
    },
    {
      "name": ""
    },
    {
      "children": [
        9
      ],
      "matrix": [
        0.054494847042424022,
        -0.14908712638631583,
        -0.98732129542094538,
        0,
        0.99836654673436098,
        -0.0088599636410071625,
        0.056442354716888743,
        0,
        -0.017162459250639694,
        -0.98878436971371608,
        0.1483607771694373,
        0,
        -11.04018497467041,
        9.3118038177490234,
        9.7163372039794922,
        1
      ],
      "name": "IMG_3259_jpg"
    },
    {
      "name": ""
    },
    {
      "children": [
        11
      ],
      "matrix": [
        0.080774984633918079,
        -0.17899587760336361,
        -0.9805283665750788,
        0,
        0.99646343215175226,
        -0.0083487292105564048,
        0.083611764153850188,
        0,
        -0.023152326918488342,
        -0.98381440044429647,
        0.17768847806396715,
        0,
        -9.5032253265380859,
        9.4465618133544922,
        9.1267604827880859,
        1
      ],
      "name": "IMG_3260_jpg"
    },
    {
      "name": ""
    },
    {
      "children": [
        13
      ],
      "matrix": [
        0.02663536402040878,
        -0.16661631713882641,
        -0.98566199087039696,
        0,
        0.9996311058206071,
        0.0096782387940843595,
        0.025376839238071103,
        0,
        0.0053112766234247322,
        -0.98597430724990942,
        0.16681263676259883,
        0,
        -7.8633480072021484,
        9.6220569610595703,
        9.3587989807128906,
        1
      ],
      "name": "IMG_3261_jpg"
    },
    {
      "name": ""
    },
    {
      "children": [
        15
      ],
      "matrix": [
        0.034367516247424068,
        -0.17063571685486439,
        -0.98473464748652439,
        0,
        0.99932268147443115,
        -0.007102147679699522,
        0.036107309358192452,
        0,
        -0.013154927507801673,
        -0.9853085870080307,
        0.17027605894694131,
        0,
        -6.5768136978149414,
        9.7490701675415039,
        9.5554132461547852,
        1
      ],
      "name": "IMG_3262_jpg"
    },
    {
      "name": ""
    },
    {
      "children": [
        17
      ],
      "matrix": [
        0.04772543646875238,
        -0.20867440583801583,
        -0.97681998088799249,
        0,
        0.99885330833284391,
        0.013679292714779967,
        0.045879683775674196,
        0,
        0.0037882906962876661,
        -0.97788949748883913,
        0.20908797085108943,
        0,
        -5.334782600402832,
        9.8971147537231445,
        9.091038703918457,
        1
      ],
      "name": "IMG_3263_jpg"
    },
    {
      "name": ""
    },
    {
      "children": [
        19
      ],
      "matrix": [
        -0.0005311941505614648,
        -0.17215560782360473,
        -0.98506962420311184,
        0,
        0.999921275602207,
        0.012257754313955926,
        -0.0026814282079097862,
        0,
        0.0125363643385909,
        -0.98499349954914117,
        0.17213554372966144,
        0,
        -4.1287164688110352,
        10.028408050537109,
        8.8325977325439453,
        1
      ],
      "name": "IMG_3264_jpg"
    },
    {
      "name": ""
    },
    {
      "children": [
        21
      ],
      "matrix": [
        -0.053025338151720725,
        -0.17186992506919369,
        -0.98369153822252908,
        0,
        0.99763069453272513,
        0.034121987013634003,
        -0.059738491179422537,
        0,
        0.04383275989540486,
        -0.98452852617836895,
        0.16965338281626052,
        0,
        -2.6029558181762695,
        10.207544326782227,
        8.8686351776123047,
        1
      ],
      "name": "IMG_3265_jpg"
    },
    {
      "name": ""
    },
    {
      "children": [
        23
      ],
      "matrix": [
        -0.005346534394616631,
        -0.17352969649717709,
        -0.98481412408817781,
        0,
        0.99996155963511146,
        0.0059162655973994394,
        -0.0064712482178274078,
        0,
        0.0069493756613734914,
        -0.98481086622507308,
        0.17349139443482042,
        0,
        -1.4480528831481934,
        10.223979949951172,
        8.8692531585693359,
        1
      ],
      "name": "IMG_3266_jpg"
    },
    {
      "name": ""
    },
    {
      "children": [
        25
      ],
      "matrix": [
        0.0024156890156448174,
        -0.19430182041675759,
        -0.98093881920806547,
        0,
        0.9998969507842651,
        0.01435072391042036,
        -0.00038017834752190893,
        0,
        0.014151051512475255,
        -0.98083681583940407,
        0.19431646465266472,
        0,
        -0.20816326141357422,
        10.361531257629395,
        8.6295528411865234,
        1
      ],
      "name": "IMG_3267_jpg"
    },
    {
      "name": ""
    },
    {
      "children": [
        27
      ],
      "matrix": [
        0.0082955127858610478,
        -0.18303197887153549,
        -0.98307196032538213,
        0,
        0.99995106667465916,
        0.0068171889224701854,
        0.007168695237408429,
        0,
        0.0053896868026916955,
        -0.98308332334831383,
        0.18307957458603541,
        0,
        0.57235527038574219,
        10.397918701171875,
        8.4514751434326172,
        1
      ],
      "name": "IMG_3268_jpg"
    },
    {
      "name": ""
    },
    {
      "children": [
        29
      ],
      "matrix": [
        -0.042002947108170874,
        -0.16076489663666399,
        -0.98609857541912671,
        0,
        0.99898990114125752,
        0.0090146909287839305,
        -0.044021730602500642,
        0,
        0.015966522852795706,
        -0.98695156079559521,
        0.16022386461176719,
        0,
        1.4454474449157715,
        10.545147895812988,
        8.419036865234375,
        1
      ],
      "name": "IMG_3269_jpg"
    },
    {
      "name": ""
    },
    {
      "children": [
        31
      ],
      "matrix": [
        -0.040010867782002579,
        -0.17272589261910148,
        -0.98415694707615908,
        0,
        0.99905277273152726,
        0.0099486345900894335,
        -0.042362506621306584,
        0,
        0.017108119615506512,
        -0.98491968743077096,
        0.17216422844044588,
        0,
        2.6344494819641113,
        10.636444091796875,
        8.601750373840332,
        1
      ],
      "name": "IMG_3270_jpg"
    },
    {
      "name": ""
    },
    {
      "children": [
        33
      ],
      "matrix": [
        0.029584524993669925,
        -0.18487541885938236,
        -0.98231656576811677,
        0,
        0.99930286056542439,
        -0.016918153220836896,
        0.033280158613746003,
        0,
        -0.022771665434454358,
        -0.98261633183718466,
        0.18424601938760321,
        0,
        3.5544576644897461,
        10.61707592010498,
        8.5287895202636719,
        1
      ],
      "name": "IMG_3271_jpg"
    },
    {
      "name": ""
    },
    {
      "children": [
        35
      ],
      "matrix": [
        0.053980317788363985,
        -0.18966441598479605,
        -0.98036398067279751,
        0,
        0.99837919267469277,
        -0.0074770690890058056,
        0.056418800696814597,
        0,
        -0.018030888100587339,
        -0.98182050434230816,
        0.1889533919444677,
        0,
        5.0636467933654785,
        10.731837272644043,
        8.1011133193969727,
        1
      ],
      "name": "IMG_3272_jpg"
    },
    {
      "name": ""
    },
    {
      "children": [
        37
      ],
      "matrix": [
        0.027673388134015209,
        -0.1937511470051716,
        -0.98066032683257098,
        0,
        0.99933314318543798,
        0.028740751829151812,
        0.022521947415986288,
        0,
        0.023821261937552518,
        -0.98062962540322829,
        0.19441729671309327,
        0,
        6.0721659660339355,
        10.862316131591797,
        7.9750971794128418,
        1
      ],
      "name": "IMG_3273_jpg"
    },
    {
      "name": ""
    },
    {
      "children": [
        39
      ],
      "matrix": [
        -0.02998517063329742,
        -0.20915211833185049,
        -0.97742328647285237,
        0,
        0.99910228981009785,
        0.02300421726625812,
        -0.03557274917947606,
        0,
        0.029924973488896556,
        -0.97761249858278021,
        0.20827457496397017,
        0,
        7.1461272239685059,
        10.953414916992188,
        8.1205568313598633,
        1
      ],
      "name": "IMG_3274_jpg"
    },
    {
      "name": ""
    },
    {
      "children": [
        41
      ],
      "matrix": [
        -0.046577172791060883,
        -0.20814714270817863,
        -0.97698788833701156,
        0,
        0.99791658474860201,
        0.034015407596875713,
        -0.054821911036597282,
        0,
        0.044643665379064223,
        -0.97750586649310689,
        0.20612914425932738,
        0,
        8.0520992279052734,
        11.029868125915527,
        8.3388538360595703,
        1
      ],
      "name": "IMG_3275_jpg"
    },
    {
      "name": ""
    },
    {
      "children": [
        43
      ],
      "matrix": [
        0.0089171827438229156,
        -0.22496130377023882,
        -0.97432689363370628,
        0,
        0.99995992010689549,
        0.0027868600171505609,
        0.0085083248090296326,
        0,
        0.00080126882156228429,
        -0.97436371300312652,
        0.22497713828528543,
        0,
        8.8734664916992188,
        11.025703430175781,
        8.1450290679931641,
        1
      ],
      "name": "IMG_3276_jpg"
    },
    {
      "name": ""
    },
    {
      "children": [
        45
      ],
      "matrix": [
        -0.0292102309316431,
        -0.20279064093121346,
        -0.97878634970029488,
        0,
        0.99946340603277894,
        0.0085935541208943533,
        -0.031607765326386483,
        0,
        0.014821012457883476,
        -0.97918440897426429,
        0.20243080499628585,
        0,
        9.6636018753051758,
        11.118632316589355,
        7.8619647026062012,
        1
      ],
      "name": "IMG_3277_jpg"
    },
    {
      "name": ""
    },
    {
      "children": [
        47
      ],
      "matrix": [
        -0.089414809578306276,
        -0.24310091631905323,
        -0.96587107644494263,
        0,
        0.99526246466367962,
        0.015364765151246296,
        -0.096002866745869775,
        0,
        0.038178767131134994,
        -0.96987930613900819,
        0.24057537958748565,
        0,
        10.38300895690918,
        11.211006164550781,
        7.6018447875976562,
        1
      ],
      "name": "IMG_3278_jpg"
    },
    {
      "name": ""
    },
    {
      "children": [
        49
      ],
      "matrix": [
        -0.12588650831418424,
        -0.24925279427678715,
        -0.96022165751959387,
        0,
        0.99083704647463244,
        0.016153403847783077,
        -0.13409330660982777,
        0,
        0.048933979583615173,
        -0.96830372925510511,
        0.24493540689897475,
        0,
        11.341068267822266,
        11.378086090087891,
        7.4747304916381836,
        1
      ],
      "name": "IMG_3279_jpg"
    },
    {
      "name": ""
    },
    {
      "children": [
        51
      ],
      "matrix": [
        -0.13887336142012474,
        -0.25264140320642459,
        -0.95754191076618889,
        0,
        0.98855796977836552,
        0.022126954636273233,
        -0.14920971237221969,
        0,
        0.058884037527598465,
        -0.96730694159838071,
        0.2466778280673706,
        0,
        12.326284408569336,
        11.466442108154297,
        7.4908204078674316,
        1
      ],
      "name": "IMG_3280_jpg"
    },
    {
      "name": ""
    },
    {
      "children": [
        53
      ],
      "matrix": [
        -0.1144519714695118,
        -0.25921742479119236,
        -0.95901359370520112,
        0,
        0.98995307955592182,
        0.050922135650621203,
        -0.13190843937567598,
        0,
        0.083027986272633802,
        -0.96447564136446817,
        0.25078494912994498,
        0,
        13.148317337036133,
        11.503635406494141,
        7.6020326614379883,
        1
      ],
      "name": "IMG_3281_jpg"
    },
    {
      "name": ""
    },
    {
      "children": [
        55
      ],
      "matrix": [
        -0.069316332629341115,
        -0.24785381793772537,
        -0.9663145093418144,
        0,
        0.99250120366617112,
        0.080625135490143496,
        -0.091874633323880073,
        0,
        0.10068071688272773,
        -0.96543672628551325,
        0.24040657392652798,
        0,
        13.932131767272949,
        11.336983680725098,
        7.3091955184936523,
        1
      ],
      "name": "IMG_3282_jpg"
    },
    {
      "name": ""
    },
    {
      "children": [
        57
      ],
      "matrix": [
        -0.1331095955572652,
        -0.23408290206496563,
        -0.96306128077678699,
        0,
        0.98703090909973612,
        0.056666802742745048,
        -0.15019606502389959,
        0,
        0.089731934406486302,
        -0.97056378895349216,
        0.22350416443527732,
        0,
        15.040029525756836,
        11.316791534423828,
        6.8878598213195801,
        1
      ],
      "name": "IMG_3283_jpg"
    },
    {
      "name": ""
    },
    {
      "children": [
        59
      ],
      "matrix": [
        -0.2278820688630141,
        -0.23137251688987803,
        -0.9457994084998973,
        0,
        0.96352208149082952,
        0.08641765822922276,
        -0.25329269003616467,
        0,
        0.14033873724062035,
        -0.96901947698393576,
        0.20323949432993516,
        0,
        16.063430786132812,
        11.52978515625,
        6.602386474609375,
        1
      ],
      "name": "IMG_3284_jpg"
    },
    {
      "name": ""
    },
    {
      "children": [
        61
      ],
      "matrix": [
        -0.2383197627290472,
        -0.25602161787207084,
        -0.93683329460205345,
        0,
        0.96046001999969466,
        0.080841755737363408,
        -0.26642289787382478,
        0,
        0.14394526972067062,
        -0.96328476667674323,
        0.22663234017583544,
        0,
        17.097335815429688,
        11.657314300537109,
        6.4250912666320801,
        1
      ],
      "name": "IMG_3285_jpg"
    },
    {
      "name": ""
    },
    {
      "children": [
        63
      ],
      "matrix": [
        -0.13549498556064909,
        -0.23415057536585965,
        -0.96271211529914602,
        0,
        0.98459124205710125,
        0.076596210502604012,
        -0.15720402857781718,
        0,
        0.11054951357818749,
        -0.96917827492803288,
        0.22016420339180598,
        0,
        17.977039337158203,
        11.678918838500977,
        6.4855871200561523,
        1
      ],
      "name": "IMG_3286_jpg"
    },
    {
      "name": ""
    },
    {
      "children": [
        65
      ],
      "matrix": [
        -0.027217056554283303,
        -0.22285541610362652,
        -0.97447149539932687,
        0,
        0.99787340160510873,
        0.051701317237759392,
        -0.039694434936525969,
        0,
        0.0592275797375722,
        -0.97347955156190102,
        0.22097433445825665,
        0,
        18.697704315185547,
        11.682451248168945,
        6.2585053443908691,
        1
      ],
      "name": "IMG_3287_jpg"
    },
    {
      "name": ""
    },
    {
      "children": [
        67
      ],
      "matrix": [
        -0.035410831616502714,
        -0.21763703900264564,
        -0.97538720119672917,
        0,
        0.99722445037593288,
        0.056267280038351575,
        -0.048758473822550108,
        0,
        0.065494034664588141,
        -0.97440654372353563,
        0.21504050542190201,
        0,
        19.654478073120117,
        11.827292442321777,
        5.8218083381652832,
        1
      ],
      "name": "IMG_3288_jpg"
    },
    {
      "name": ""
    },
    {
      "children": [
        69
      ],
      "matrix": [
        -0.040469182300320927,
        -0.23283964510932031,
        -0.97167275610120363,
        0,
        0.99810203543768095,
        0.035756106691886114,
        -0.050138086215936406,
        0,
        0.04641736893773285,
        -0.97185760299521462,
        0.23095070331413625,
        0,
        20.403377532958984,
        11.979185104370117,
        5.6264891624450684,
        1
      ],
      "name": "IMG_3289_jpg"
    },
    {
      "name": ""
    },
    {
      "children": [
        71
      ],
      "matrix": [
        -0.088423908858592526,
        -0.25481376378004378,
        -0.96293881328483977,
        0,
        0.99033319861214708,
        0.081231352575703797,
        -0.11243497269691183,
        0,
        0.10687080082417721,
        -0.96357221480643052,
        0.24516773601807662,
        0,
        21.356781005859375,
        12.158503532409668,
        5.4671025276184082,
        1
      ],
      "name": "IMG_3290_jpg"
    },
    {
      "name": ""
    },
    {
      "children": [
        73
      ],
      "matrix": [
        -0.14159479551627174,
        -0.28342948526045431,
        -0.94848228279061653,
        0,
        0.98016826289231795,
        0.094047029955929728,
        -0.17442858875518208,
        0,
        0.1386401467878664,
        -0.95437041186400073,
        0.26449201624468077,
        0,
        22.116439819335938,
        12.295986175537109,
        5.3026747703552246,
        1
      ],
      "name": "IMG_3291_jpg"
    },
    {
      "name": ""
    },
    {
      "children": [
        75
      ],
      "matrix": [
        -0.15803918602968303,
        -0.29373729475353583,
        -0.94273114796847035,
        0,
        0.97763223551257317,
        0.087633754006192555,
        -0.19119502411273936,
        0,
        0.13877617866825759,
        -0.95186066565945282,
        0.27331748097145059,
        0,
        22.91900634765625,
        12.435965538024902,
        5.1125960350036621,
        1
      ],
      "name": "IMG_3292_jpg"
    },
    {
      "name": ""
    },
    {
      "children": [
        77
      ],
      "matrix": [
        -0.20000329156307184,
        -0.31904832921819121,
        -0.92639454175152458,
        0,
        0.96491109242313655,
        0.10004044439585869,
        -0.24277251327913579,
        0,
        0.17013308638452973,
        -0.9424436710531614,
        0.28784485371309732,
        0,
        23.874935150146484,
        12.434046745300293,
        4.5037999153137207,
        1
      ],
      "name": "IMG_3293_jpg"
    },
    {
      "name": ""
    },
    {
      "children": [
        79
      ],
      "matrix": [
        -0.22769517971779685,
        -0.2976642835270899,
        -0.92711966835224913,
        0,
        0.96133942840283915,
        0.082704507354799284,
        -0.26265275148245132,
        0,
        0.15485931851646023,
        -0.95108145748695172,
        0.26732499451625036,
        0,
        24.930706024169922,
        12.583292007446289,
        4.4840254783630371,
        1
      ],
      "name": "IMG_3294_jpg"
    },
    {
      "name": ""
    },
    {
      "children": [
        81
      ],
      "matrix": [
        -0.23358661502389033,
        -0.27093797150613008,
        -0.93382541670155039,
        0,
        0.96329349073097414,
        0.066191021779247627,
        -0.26016225581577673,
        0,
        0.13229869234809277,
        -0.96031836608072974,
        0.24553144762132217,
        0,
        26.045303344726562,
        12.798793792724609,
        4.7403874397277832,
        1
      ],
      "name": "IMG_3295_jpg"
    },
    {
      "name": ""
    },
    {
      "children": [
        83
      ],
      "matrix": [
        -0.18185594601580379,
        -0.26154245820165317,
        -0.94790503609619758,
        0,
        0.97890865821834305,
        0.043108849676857242,
        -0.19969843751191768,
        0,
        0.093092715954903094,
        -0.96422879527494643,
        0.24818657618566942,
        0,
        26.730644226074219,
        12.93476676940918,
        4.7056584358215332,
        1
      ],
      "name": "IMG_3296_jpg"
    },
    {
      "name": ""
    },
    {
      "children": [
        85
      ],
      "matrix": [
        -0.079730400966795179,
        -0.21204588041766737,
        -0.97400185203087286,
        0,
        0.99490095554608382,
        0.043618071078040055,
        -0.090937080054949271,
        0,
        0.061766915214888751,
        -0.97628582314470147,
        0.20748696275069767,
        0,
        27.518409729003906,
        13.031926155090332,
        4.1609101295471191,
        1
      ],
      "name": "IMG_3297_jpg"
    },
    {
      "name": ""
    },
    {
      "children": [
        87
      ],
      "matrix": [
        -0.035963162667496995,
        -0.19500058081962274,
        -0.98014357336614777,
        0,
        0.99934832737262225,
        -0.0039810624980785025,
        -0.03587578178840134,
        0,
        0.0030937854634358608,
        -0.98079504720476451,
        0.19501667587698757,
        0,
        28.478660583496094,
        13.112316131591797,
        3.9106841087341309,
        1
      ],
      "name": "IMG_3298_jpg"
    },
    {
      "name": ""
    },
    {
      "children": [
        89
      ],
      "name": "mainMeshNode"
    },
    {
      "mesh": 0,
      "name": "mainMeshNode_Material_0_0"
    }
  ],
  "samplers": [
    {
      "magFilter": 9729,
      "minFilter": 9987,
      "wrapS": 10497,
      "wrapT": 10497
    }
  ],
  "scene": 0,
  "scenes": [
    {
      "name": "OSG_Scene",
      "nodes": [
        0
      ]
    }
  ],
  "textures": [
    {
      "sampler": 0,
      "source": 0
    }
  ]
}

